# TOORAD limits for material 2, eta = 1, Gamma = 1e-4 meV
# Columns: DA mass [meV] | DA-photon coupling [GeV^-1]
2.51069e+00 1.00000e+00
2.51069e+00 1.02262e-11
2.55256e+00 9.71311e-12
2.59555e+00 9.24532e-12
2.63960e+00 8.81731e-12
2.68468e+00 8.42441e-12
2.73071e+00 8.06267e-12
2.77766e+00 7.72875e-12
2.82549e+00 7.41974e-12
2.87414e+00 7.13315e-12
2.92357e+00 6.86682e-12
2.97376e+00 6.61884e-12
3.02465e+00 6.38756e-12
3.07622e+00 6.17149e-12
3.12843e+00 5.96935e-12
3.18125e+00 5.77998e-12
3.23464e+00 5.60235e-12
3.28859e+00 5.43552e-12
3.34307e+00 5.27868e-12
3.39804e+00 5.13108e-12
3.45349e+00 4.99203e-12
3.50939e+00 4.86093e-12
3.56573e+00 4.73722e-12
3.62247e+00 4.62041e-12
3.67961e+00 4.51002e-12
3.73712e+00 4.40564e-12
3.79499e+00 4.30688e-12
3.85321e+00 4.21338e-12
3.91174e+00 4.12483e-12
3.97059e+00 4.04093e-12
4.02974e+00 3.96139e-12
4.08918e+00 3.88597e-12
4.14888e+00 3.81442e-12
4.20885e+00 3.74654e-12
4.26907e+00 3.68211e-12
4.32953e+00 3.62096e-12
4.39021e+00 3.56290e-12
4.45112e+00 3.50778e-12
4.51224e+00 3.45543e-12
4.57356e+00 3.40573e-12
4.63508e+00 3.35854e-12
4.69679e+00 3.31374e-12
4.75867e+00 3.27120e-12
4.82073e+00 3.23083e-12
4.88296e+00 3.19252e-12
4.94534e+00 3.15618e-12
5.00788e+00 3.12171e-12
5.07057e+00 3.08904e-12
5.13340e+00 3.05808e-12
5.19637e+00 3.02876e-12
5.25948e+00 3.00101e-12
5.32271e+00 2.97477e-12
5.38606e+00 2.94997e-12
5.44954e+00 2.92654e-12
5.51313e+00 2.90445e-12
5.57683e+00 2.88363e-12
5.64063e+00 2.86403e-12
5.70455e+00 2.84561e-12
5.76856e+00 2.82832e-12
5.83267e+00 2.81212e-12
5.89687e+00 2.79697e-12
5.96117e+00 2.78282e-12
6.02555e+00 2.76966e-12
6.09002e+00 2.75743e-12
6.15457e+00 2.74611e-12
6.21920e+00 2.73567e-12
6.28391e+00 2.72607e-12
6.34870e+00 2.71728e-12
6.41355e+00 2.70929e-12
6.47848e+00 2.70206e-12
6.54348e+00 2.69557e-12
6.60854e+00 2.68980e-12
6.67367e+00 2.68472e-12
6.73886e+00 2.68031e-12
6.80411e+00 2.67656e-12
6.86942e+00 2.67343e-12
6.93479e+00 2.67092e-12
7.00021e+00 2.66901e-12
7.06569e+00 2.66767e-12
7.13122e+00 2.66689e-12
7.19680e+00 2.66666e-12
7.26244e+00 2.66695e-12
7.32812e+00 2.66777e-12
7.39385e+00 2.66908e-12
7.45962e+00 2.67088e-12
7.52544e+00 2.67316e-12
7.59131e+00 2.67590e-12
7.65721e+00 2.67909e-12
7.72316e+00 2.68272e-12
7.78915e+00 2.68678e-12
7.85518e+00 2.69125e-12
7.92124e+00 2.69613e-12
7.98735e+00 2.70142e-12
8.05349e+00 2.70708e-12
8.11966e+00 2.71313e-12
8.18588e+00 2.71955e-12
8.25212e+00 2.72633e-12
8.31840e+00 2.73346e-12
8.38471e+00 2.74094e-12
8.45105e+00 2.74875e-12
8.51743e+00 2.75690e-12
8.58383e+00 2.76537e-12
8.65026e+00 2.77415e-12
8.71673e+00 2.78325e-12
8.78322e+00 2.79265e-12
8.84973e+00 2.80235e-12
8.91628e+00 2.81233e-12
8.98285e+00 2.82261e-12
9.04945e+00 2.83316e-12
9.11607e+00 2.84399e-12
9.18271e+00 2.85508e-12
9.24939e+00 2.86644e-12
9.31608e+00 2.87806e-12
9.38280e+00 2.88993e-12
9.44954e+00 2.90206e-12
9.51630e+00 2.91442e-12
9.58308e+00 2.92703e-12
9.64989e+00 2.93988e-12
9.71671e+00 2.95296e-12
9.78356e+00 2.96626e-12
9.85042e+00 2.97979e-12
9.91731e+00 2.99354e-12
9.98421e+00 3.00751e-12
1.00511e+01 3.02169e-12
1.01181e+01 3.03608e-12
1.01850e+01 3.05068e-12
1.02520e+01 3.06549e-12
1.03190e+01 3.08049e-12
1.03860e+01 3.09569e-12
1.04531e+01 3.11108e-12
1.05201e+01 3.12667e-12
1.05872e+01 3.14244e-12
1.06542e+01 3.15840e-12
1.07213e+01 3.17455e-12
1.07884e+01 3.19087e-12
1.08556e+01 3.20737e-12
1.09227e+01 3.22405e-12
1.09898e+01 3.24090e-12
1.10570e+01 3.25792e-12
1.11242e+01 3.27511e-12
1.11914e+01 3.29247e-12
1.12586e+01 3.30999e-12
1.13258e+01 3.32767e-12
1.13930e+01 3.34551e-12
1.14603e+01 3.36351e-12
1.15275e+01 3.38167e-12
1.15948e+01 3.39997e-12
1.16621e+01 3.41844e-12
1.17294e+01 3.43705e-12
1.17967e+01 3.45581e-12
1.18640e+01 3.47472e-12
1.19313e+01 3.49377e-12
1.19987e+01 3.51296e-12
1.20660e+01 3.53230e-12
1.21334e+01 3.55178e-12
1.22007e+01 3.57140e-12
1.22681e+01 3.59115e-12
1.23355e+01 3.61104e-12
1.24029e+01 3.63106e-12
1.24703e+01 3.65122e-12
1.25377e+01 3.67151e-12
1.26052e+01 3.69192e-12
1.26726e+01 3.71247e-12
1.27400e+01 3.73314e-12
1.28075e+01 3.75394e-12
1.28750e+01 3.77487e-12
1.29424e+01 3.79592e-12
1.30099e+01 3.81709e-12
1.30774e+01 3.83838e-12
1.31449e+01 3.85979e-12
1.32124e+01 3.88133e-12
1.32799e+01 3.90298e-12
1.33475e+01 3.92474e-12
1.34150e+01 3.94663e-12
1.34825e+01 3.96862e-12
1.35501e+01 3.99073e-12
1.36176e+01 4.01296e-12
1.36852e+01 4.03529e-12
1.37528e+01 4.05774e-12
1.38203e+01 4.08030e-12
1.38879e+01 4.10296e-12
1.39555e+01 4.12574e-12
1.40231e+01 4.14862e-12
1.40907e+01 4.17161e-12
1.41583e+01 4.19470e-12
1.42259e+01 4.21790e-12
1.42936e+01 4.24120e-12
1.43612e+01 4.26461e-12
1.44288e+01 4.28811e-12
1.44965e+01 4.31172e-12
1.45641e+01 4.33543e-12
1.46318e+01 4.35924e-12
1.46994e+01 4.38315e-12
1.47671e+01 4.40716e-12
1.48348e+01 4.43127e-12
1.49024e+01 4.45547e-12
1.49701e+01 4.47977e-12
1.50378e+01 4.50417e-12
1.51055e+01 4.52866e-12
1.51732e+01 4.55325e-12
1.52409e+01 4.57793e-12
1.52409e+01 1.00000e+00
